Deposit: 10000.000000
Deposit: 12000.000000
Withdrawal: 5000.000000
